,Date,Kandy,Dambulla,Buy Rate
0,2020-01-01,75.0,305.0,179.4845
1,2020-01-02,75.0,265.0,179.245
2,2020-01-03,75.0,225.0,179.3145
3,2020-01-06,75.0,105.0,179.3748
4,2020-01-07,75.0,65.0,179.3846
5,2020-01-08,68.33333333333333,60.0,179.3748
6,2020-01-09,61.666666666666664,55.0,179.6836
7,2020-01-13,310.0,320.0,179.4148
8,2020-01-14,305.0,280.0,179.5642
9,2020-01-16,310.0,295.0,179.5942
10,2020-01-17,325.0,305.0,179.3749
11,2020-01-20,295.0,290.0,179.3749
12,2020-01-21,285.0,290.0,179.3948
13,2020-01-22,285.0,285.0,179.5071
14,2020-01-23,295.0,295.0,179.557
15,2020-01-24,210.0,252.5,179.6068
16,2020-01-27,190.0,200.0,179.6468
17,2020-01-28,195.0,195.0,179.6767
18,2020-01-29,210.0,315.0,179.6668
19,2020-01-30,240.0,260.0,179.637
20,2020-01-31,255.0,200.0,179.6369
21,2020-02-03,115.0,105.0,179.577
22,2020-02-05,100.0,88.75,179.597
23,2020-02-06,92.5,80.625,179.5471
24,2020-02-07,85.0,72.5,179.5272
25,2020-02-10,55.0,50.0,179.557
26,2020-02-11,37.5,22.5,179.5371
27,2020-02-12,47.5,55.0,179.557
28,2020-02-13,118.75,132.5,179.5771
29,2020-02-14,190.0,210.0,179.5671
30,2020-02-17,190.0,155.0,179.5969
31,2020-02-18,170.0,155.0,179.6568
32,2020-02-19,150.0,165.0,179.7266
33,2020-02-20,155.0,150.0,180.0159
34,2020-02-24,145.0,130.0,179.7367
35,2020-02-25,145.0,130.0,179.8264
36,2020-02-26,145.0,140.0,179.8165
37,2020-02-27,135.0,120.0,179.8266
38,2020-02-28,125.0,130.0,179.9662
39,2020-03-02,255.0,215.0,180.0062
40,2020-03-03,115.0,105.0,180.1558
41,2020-03-04,107.5,96.875,180.2057
42,2020-03-05,100.0,88.75,180.1759
43,2020-03-06,92.5,80.625,180.0161
44,2020-03-10,53.75,67.5,180.096
45,2020-03-11,52.5,80.0,180.6547
46,2020-03-12,40.0,30.0,180.6847
47,2020-03-13,125.0,130.0,181.2135
48,2020-03-17,125.0,125.71428571428571,182.5795
49,2020-03-18,125.0,124.64285714285714,183.149
50,2020-03-19,125.0,123.57142857142857,184.117
51,2020-03-20,125.0,122.5,185.385
52,2020-03-24,125.0,118.21428571428572,185.9354
53,2020-03-27,125.0,115.0,187.103
54,2020-03-30,125.0,111.78571428571428,187.4091
55,2020-03-31,125.0,110.71428571428572,187.3584
56,2020-04-01,125.0,109.64285714285714,187.5584
57,2020-04-02,125.0,108.57142857142857,187.7084
58,2020-04-03,125.0,107.5,188.5584
59,2020-04-06,83.0,77.5,193.3598
60,2020-04-08,55.0,57.5,193.9572
61,2020-04-09,55.0,52.5,194.2034
62,2020-04-15,75.0,106.125,188.5124
63,2020-04-16,85.0,114.0,189.3356
64,2020-04-17,95.0,121.875,188.4656
65,2020-04-20,125.0,145.5,189.6324
66,2020-04-21,135.0,153.375,190.1895
67,2020-04-22,145.0,161.25,190.78
68,2020-04-23,155.0,169.125,191.7
69,2020-04-24,165.0,177.0,190.6982
70,2020-04-27,195.0,200.625,189.69
71,2020-04-28,205.0,208.5,190.45
72,2020-04-29,215.0,216.375,189.81
73,2020-04-30,225.0,224.25,190.42
74,2020-05-04,113.92857142857143,123.57142857142857,188.3788
75,2020-05-05,102.85714285714286,112.14285714285714,185.81
76,2020-05-06,91.78571428571428,100.71428571428572,186.54
77,2020-05-11,45.0,52.5,184.36
78,2020-05-12,57.38095238095238,63.57142857142857,184.63
79,2020-05-13,69.76190476190476,74.64285714285714,184.54
80,2020-05-14,82.14285714285714,85.71428571428572,185.14
81,2020-05-15,94.52380952380952,96.78571428571428,184.89
82,2020-05-18,131.66666666666669,130.0,184.74
83,2020-05-19,144.04761904761904,141.07142857142856,184.63
84,2020-05-20,156.42857142857144,152.14285714285714,184.5
85,2020-05-21,168.8095238095238,163.21428571428572,184.15
86,2020-05-22,181.1904761904762,174.28571428571428,183.81
87,2020-05-26,230.71428571428572,218.57142857142856,183.16
88,2020-05-27,243.0952380952381,229.64285714285714,183.3
89,2020-05-28,255.47619047619048,240.71428571428572,183.51
90,2020-05-29,267.8571428571429,251.78571428571428,183.52
91,2020-06-01,305.0,285.0,183.51
92,2020-06-02,220.0,210.0,183.42
93,2020-06-03,135.0,135.0,183.37
94,2020-06-04,120.0,116.875,183.27
95,2020-06-08,75.0,90.0,182.86
96,2020-06-09,65.0,72.5,182.6
97,2020-06-10,55.0,55.0,182.5
98,2020-06-11,45.0,35.0,182.55
99,2020-06-12,62.5,51.25,182.64
100,2020-06-15,115.0,100.0,182.74
101,2020-06-16,115.0,100.0,183.32
102,2020-06-17,105.0,102.5,183.61
103,2020-06-18,105.0,95.0,184.02
104,2020-06-19,95.0,80.0,184.08
105,2020-06-22,95.0,95.0,184.2
106,2020-06-23,95.0,100.0,184.12
107,2020-06-24,95.0,105.0,184.1
108,2020-06-25,95.0,100.0,184.13
109,2020-06-26,85.0,85.0,183.76
110,2020-06-29,75.0,75.0,183.78
111,2020-06-30,75.0,70.0,183.81
112,2020-07-01,315.0,275.0,183.79
113,2020-07-02,273.3333333333333,237.91666666666666,183.71
114,2020-07-03,231.66666666666669,200.83333333333331,183.68
115,2020-07-06,106.66666666666669,89.58333333333331,183.58
116,2020-07-07,65.0,52.5,183.53
117,2020-07-08,95.0,85.0,183.55
118,2020-07-09,55.0,52.5,183.48
119,2020-07-10,55.0,57.5,183.5
120,2020-07-13,55.0,52.5,183.5
121,2020-07-14,55.0,50.0,183.52
122,2020-07-15,55.0,45.0,183.53
123,2020-07-16,55.0,47.5,183.54
124,2020-07-17,65.0,42.5,183.49
125,2020-07-20,45.0,52.5,183.48
126,2020-07-21,55.0,40.0,183.53
127,2020-07-22,45.0,42.5,183.54
128,2020-07-23,45.0,50.0,183.54
129,2020-07-24,45.0,50.0,183.52
130,2020-07-27,45.0,47.5,183.52
131,2020-07-28,45.0,50.0,183.51
132,2020-07-29,45.0,50.0,183.5
133,2020-07-30,55.0,47.5,183.45
134,2020-07-31,55.0,50.0,183.36
135,2020-08-04,182.5,165.0,183.38
136,2020-08-05,146.66666666666666,126.66666666666666,183.26
137,2020-08-06,110.83333333333331,88.33333333333331,183.23
138,2020-08-07,75.0,50.0,183.13
139,2020-08-10,55.0,55.0,182.98
140,2020-08-11,50.0,45.0,182.36
141,2020-08-12,45.0,35.0,181.84
142,2020-08-13,45.0,50.0,180.84
143,2020-08-14,55.0,55.0,180.77
144,2020-08-17,55.0,52.5,181.05
145,2020-08-18,55.0,47.5,181.49
146,2020-08-19,45.0,47.5,182.14
147,2020-08-20,45.0,47.5,183.68
148,2020-08-21,55.0,50.0,182.39
149,2020-08-24,55.0,62.5,182.32
150,2020-08-25,55.0,52.5,182.65
151,2020-08-26,55.0,55.0,184.23
152,2020-08-27,55.0,55.0,184.08
153,2020-08-28,55.0,55.0,183.78
154,2020-08-31,220.0,223.75,184.09
155,2020-09-02,240.0,243.33333333333334,183.83
156,2020-09-03,205.0,206.66666666666669,183.07
157,2020-09-04,170.0,170.0,183.04
158,2020-09-07,65.0,60.0,183.0
159,2020-09-08,57.5,56.25,182.44
160,2020-09-09,50.0,52.5,182.1
161,2020-09-10,42.5,45.0,182.16
162,2020-09-11,35.0,30.0,182.42
163,2020-09-14,55.0,52.5,182.21
164,2020-09-15,55.0,52.5,182.14
165,2020-09-16,47.5,52.5,182.21
166,2020-09-17,45.0,55.0,182.72
167,2020-09-18,45.0,42.5,182.82
168,2020-09-21,55.0,52.5,183.22
169,2020-09-22,65.0,55.0,183.18
170,2020-09-23,47.5,47.5,182.97
171,2020-09-24,42.5,45.0,182.83
172,2020-09-25,45.0,57.5,182.94
173,2020-09-28,55.0,55.0,183.08
174,2020-09-29,55.0,55.0,183.18
175,2020-09-30,65.0,52.5,183.0
176,2020-10-02,111.66666666666666,104.16666666666666,182.89
177,2020-10-05,95.0,93.75,182.43
178,2020-10-06,75.0,75.625,182.51
179,2020-10-07,55.0,57.5,182.43
180,2020-10-08,35.0,42.5,182.17
181,2020-10-09,47.5,55.0,182.02
182,2020-10-12,46.25,46.25,182.03
183,2020-10-13,47.5,47.5,182.03
184,2020-10-14,45.0,42.5,182.14
185,2020-10-15,45.0,42.5,182.58
186,2020-10-16,65.0,45.0,182.38
187,2020-10-19,42.5,47.5,182.1
188,2020-10-20,47.5,45.0,182.16
189,2020-10-21,55.0,45.0,182.34
190,2020-10-22,55.0,45.0,182.14
191,2020-10-23,45.0,45.0,182.19
192,2020-10-26,55.0,47.5,182.1
193,2020-10-27,55.0,52.5,182.16
194,2020-10-28,47.5,45.0,182.14
195,2020-10-29,77.5,72.5,182.13
196,2020-11-02,107.5,102.5,182.12
197,2020-11-03,115.0,110.0,182.29
198,2020-11-04,107.0,97.0,182.25
199,2020-11-05,99.0,84.0,182.25
200,2020-11-06,91.0,71.0,182.33
201,2020-11-09,47.5,52.5,182.32
202,2020-11-10,41.25,48.75,182.34
203,2020-11-11,35.0,45.0,182.35
204,2020-11-12,55.0,45.0,182.4
205,2020-11-13,37.5,30.0,182.4
206,2020-11-16,40.0,42.5,182.5
207,2020-11-17,55.0,45.0,183.01
208,2020-11-18,45.0,27.5,183.0
209,2020-11-19,35.0,30.0,182.51
210,2020-11-20,35.0,35.0,182.91
211,2020-11-23,45.0,45.0,183.33
212,2020-11-24,35.0,35.0,183.17
213,2020-11-25,32.5,40.0,183.54
214,2020-11-26,42.5,40.0,183.58
215,2020-11-27,42.5,40.0,183.02
216,2020-11-30,45.0,42.5,183.33
217,2020-12-01,71.66666666666667,65.0,183.66
218,2020-12-02,98.33333333333334,87.5,183.79
219,2020-12-03,125.0,110.0,184.26
220,2020-12-04,111.0,98.0,183.9
221,2020-12-07,69.0,62.0,183.77
222,2020-12-08,55.0,50.0,184.1
223,2020-12-09,55.0,47.5,184.14
224,2020-12-10,55.0,45.0,183.64
225,2020-12-11,37.5,37.5,183.72
226,2020-12-14,55.0,57.5,184.57
227,2020-12-15,45.0,60.0,185.1
228,2020-12-16,45.0,72.5,185.23
229,2020-12-17,55.0,65.0,186.13
230,2020-12-18,55.0,67.5,185.41
231,2020-12-21,65.0,57.5,185.95
232,2020-12-22,65.0,60.0,186.8
233,2020-12-23,55.0,60.0,188.01
234,2020-12-24,55.0,40.0,189.08
235,2020-12-28,65.0,52.5,186.7
236,2020-12-30,55.0,50.0,185.2
237,2020-12-31,65.0,40.0,184.12
238,2021-01-01,65.0,65.0,184.98
239,2021-01-04,75.0,70.0,184.82
240,2021-01-05,101.66666666666667,98.33333333333333,187.6
241,2021-01-06,128.33333333333334,126.66666666666666,187.54
242,2021-01-07,155.0,155.0,187.1
243,2021-01-08,160.0,165.0,186.28
244,2021-01-11,190.0,170.0,188.05
245,2021-01-12,210.0,200.0,188.49
246,2021-01-13,55.0,37.5,190.33
247,2021-01-15,55.0,55.0,190.77
248,2021-01-18,55.0,45.0,191.6475
249,2021-01-19,55.0,62.5,190.89
250,2021-01-20,65.0,72.5,192.8513
251,2021-01-21,55.0,72.5,193.16
252,2021-01-22,75.0,50.0,194.3125
253,2021-01-25,75.0,65.0,194.19
254,2021-01-26,85.0,65.0,192.4
255,2021-01-27,95.0,85.0,193.1921
256,2021-01-29,115.0,120.0,189.6615
257,2021-02-01,107.5,97.5,188.63
258,2021-02-02,105.0,90.0,190.4
259,2021-02-03,85.0,92.5,192.32
260,2021-02-05,120.0,118.75,191.59
261,2021-02-08,205.0,190.0,191.967
262,2021-02-09,155.0,165.0,192.57
263,2021-02-10,165.0,171.25,192.23
264,2021-02-11,175.0,177.5,193.537
265,2021-02-12,205.0,215.0,191.2395
266,2021-02-15,95.0,100.0,192.79
267,2021-02-16,85.0,92.5,193.2575
268,2021-02-17,95.0,100.0,193.6565
269,2021-02-18,95.0,95.0,193.3913
270,2021-02-19,95.0,87.5,193.58
271,2021-02-22,85.0,90.0,193.13
272,2021-02-23,85.0,92.5,191.19
273,2021-02-24,85.0,92.5,192.0
274,2021-02-25,115.0,80.0,192.88
275,2021-03-01,99.0,100.0,192.01
276,2021-03-02,95.0,105.0,192.49
277,2021-03-03,95.0,85.0,193.99
278,2021-03-04,75.0,85.0,193.94
279,2021-03-05,55.0,85.0,194.01
280,2021-03-08,185.0,210.0,194.046
281,2021-03-09,181.66666666666666,203.33333333333334,194.354
282,2021-03-10,178.33333333333334,196.66666666666666,194.374
283,2021-03-12,255.0,240.0,194.444
284,2021-03-15,95.0,90.0,194.428
285,2021-03-16,85.0,72.5,195.28
286,2021-03-17,85.0,77.5,197.58
287,2021-03-18,85.0,87.5,195.3045
288,2021-03-19,85.0,75.0,195.28
289,2021-03-22,75.0,75.0,195.3773
290,2021-03-23,75.0,67.5,196.3948
291,2021-03-24,75.0,65.0,196.9248
292,2021-03-25,85.0,65.0,196.41
293,2021-03-26,75.0,72.5,196.72
294,2021-03-29,75.0,72.5,197.28
295,2021-03-30,75.0,75.0,196.83
296,2021-03-31,85.0,77.5,197.62
297,2021-04-01,55.0,30.0,197.0
298,2021-04-05,55.0,85.0,197.25
299,2021-04-06,98.33333333333334,125.0,198.0
300,2021-04-07,141.66666666666669,165.0,198.56
301,2021-04-08,185.0,205.0,199.21
302,2021-04-09,165.0,167.5,199.04
303,2021-04-12,129.44444444444446,122.22222222222223,199.15
304,2021-04-15,106.11111111111111,110.55555555555556,199.808
305,2021-04-16,98.33333333333334,106.66666666666667,195.72
306,2021-04-19,75.0,95.0,187.93
307,2021-04-20,55.0,70.0,190.2905
308,2021-04-21,55.0,57.5,195.1
309,2021-04-22,65.0,72.5,193.4075
310,2021-04-23,55.0,77.5,192.5105
311,2021-04-27,55.0,77.5,194.3865
312,2021-04-28,55.0,77.5,194.86
313,2021-04-29,45.0,77.5,196.11
314,2021-04-30,65.0,77.5,195.91
315,2021-05-03,85.0,82.5,195.73
316,2021-05-04,75.0,57.5,195.18
317,2021-05-05,55.0,62.5,195.0848
318,2021-05-06,105.0,113.75,196.7723
319,2021-05-07,155.0,165.0,197.5503
320,2021-05-10,135.0,130.0,197.598
321,2021-05-11,210.0,190.0,197.598
322,2021-05-12,132.5,127.5,197.818
323,2021-05-13,55.0,65.0,197.3841
324,2021-05-17,65.0,90.0,197.5023
325,2021-05-18,65.0,115.0,198.2691
326,2021-05-19,65.0,130.0,198.2989
327,2021-05-20,65.0,100.0,198.1789
328,2021-05-21,85.0,125.0,198.2989
329,2021-05-24,74.0909090909091,101.81818181818181,197.9103
330,2021-05-25,70.45454545454545,94.0909090909091,198.0303
331,2021-05-28,59.54545454545455,70.9090909090909,197.9103
332,2021-05-31,48.63636363636364,47.72727272727272,197.9103
333,2021-06-01,45.0,40.0,198.0283
334,2021-06-02,55.0,48.333333333333336,197.9103
335,2021-06-03,65.0,56.66666666666667,197.8103
336,2021-06-04,75.0,65.0,198.1303
337,2021-06-07,155.0,110.0,197.8103
338,2021-06-08,205.0,185.0,197.9283
339,2021-06-09,160.0,145.0,197.9103
340,2021-06-10,135.0,137.5,197.9103
341,2021-06-11,205.0,193.75,198.1303
342,2021-06-14,238.33333333333334,203.33333333333334,198.1103
343,2021-06-15,220.0,180.0,197.9303
344,2021-06-16,201.66666666666669,156.66666666666669,197.9303
345,2021-06-17,183.33333333333334,133.33333333333334,198.0303
346,2021-06-18,165.0,110.0,198.0303
347,2021-06-21,165.0,130.0,197.9103
348,2021-06-22,165.0,135.0,198.0303
349,2021-06-23,185.0,200.0,197.9223
350,2021-06-25,175.0,185.0,197.5223
351,2021-06-28,165.0,185.0,197.3063
352,2021-06-29,155.0,165.0,197.3063
353,2021-06-30,155.0,155.0,197.3263
354,2021-07-01,40.0,45.0,197.4023
355,2021-07-02,48.333333333333336,51.666666666666664,198.2183
356,2021-07-05,47.5,57.5,197.5023
357,2021-07-06,96.25,96.25,197.8023
358,2021-07-07,145.0,135.0,198.1183
359,2021-07-08,141.66666666666666,133.33333333333334,197.9023
360,2021-07-09,138.33333333333334,131.66666666666666,197.9023
361,2021-07-12,275.0,280.0,198.2183
362,2021-07-13,115.0,105.0,198.3183
363,2021-07-14,125.0,105.0,197.9023
364,2021-07-15,140.0,125.0,198.1183
365,2021-07-16,135.0,135.0,198.1223
366,2021-07-19,135.0,140.0,197.9023
367,2021-07-20,145.0,140.0,197.9023
368,2021-07-22,165.0,170.0,197.9223
369,2021-07-26,175.0,155.0,197.9023
370,2021-07-27,175.0,180.0,197.8023
371,2021-07-28,185.0,205.0,197.9023
372,2021-07-29,185.0,175.0,197.6023
373,2021-07-30,155.0,170.0,198.3983
374,2021-08-02,105.0,90.0,197.2063
375,2021-08-03,85.0,70.0,198.0983
376,2021-08-04,75.0,72.5,198.0983
377,2021-08-05,105.0,91.25,198.3183
378,2021-08-06,135.0,110.0,198.3183
379,2021-08-09,145.0,133.33333333333334,197.8023
380,2021-08-10,145.0,145.0,198.1983
381,2021-08-11,205.0,215.0,198.2983
382,2021-08-12,275.0,285.0,197.6023
383,2021-08-13,165.0,190.0,198.5983
384,2021-08-16,175.0,170.0,198.3983
385,2021-08-17,155.0,150.0,198.1983
386,2021-08-18,135.0,155.0,198.3983
387,2021-08-19,165.0,172.5,197.8983
388,2021-08-20,175.0,165.0,198.1983
389,2021-08-23,175.0,183.75,197.9023
390,2021-08-24,175.0,190.0,197.9023
391,2021-08-25,185.0,175.0,197.9023
392,2021-08-26,175.0,162.5,197.9023
393,2021-08-27,165.0,150.0,198.1023
394,2021-08-30,135.0,112.5,197.9023
395,2021-08-31,125.0,100.0,198.9023
396,2021-09-01,115.0,87.5,198.8649
397,2021-09-02,105.0,75.0,198.5008
398,2021-09-03,85.0,72.5,198.5008
399,2021-09-06,155.0,135.0,198.5
400,2021-09-07,125.0,110.0,198.5008
401,2021-09-08,175.0,190.0,198.5008
402,2021-09-09,165.0,175.0,198.5008
403,2021-09-10,177.5,182.5,198.5008
404,2021-09-13,165.0,165.0,198.5008
405,2021-09-14,175.0,160.0,198.5008
406,2021-09-15,165.0,155.0,198.5008
407,2021-09-16,165.0,145.0,198.5008
408,2021-09-17,165.0,135.0,198.5008
409,2021-09-21,175.0,145.0,198.5008
410,2021-09-22,155.0,155.0,198.5008
411,2021-09-23,165.0,145.0,198.5008
412,2021-09-24,155.0,130.0,198.5008
413,2021-09-27,135.0,135.0,198.5008
414,2021-09-28,125.0,135.0,198.5008
415,2021-09-29,145.0,155.0,198.5008
416,2021-09-30,135.0,150.0,198.5008
417,2021-10-01,120.0,125.0,198.5008
418,2021-10-04,65.0,66.25,198.5008
419,2021-10-05,45.0,62.5,198.5008
420,2021-10-06,72.5,89.375,198.5008
421,2021-10-07,100.0,116.25,198.5008
422,2021-10-08,127.5,143.125,198.5008
423,2021-10-11,175.0,170.0,198.5008
424,2021-10-12,275.0,255.0,198.5008
425,2021-10-13,165.0,140.0,198.5008
426,2021-10-14,145.0,125.0,198.5008
427,2021-10-15,145.0,135.0,198.5008
428,2021-10-18,165.0,155.0,198.5008
429,2021-10-21,175.0,210.0,198.5008
430,2021-10-22,205.0,190.0,198.5008
431,2021-10-25,195.0,175.0,198.5008
432,2021-10-26,175.0,210.0,198.5008
433,2021-10-27,185.0,190.0,198.5008
434,2021-10-28,190.0,190.0,198.5008
435,2021-10-29,175.0,185.0,198.5008
436,2021-11-01,65.0,55.0,198.5008
437,2021-11-02,105.0,95.0,198.5008
438,2021-11-03,88.33333333333333,81.66666666666667,198.5008
439,2021-11-05,55.0,55.0,198.5008
440,2021-11-08,180.0,160.0,198.5008
441,2021-11-09,152.5,147.5,198.5008
442,2021-11-10,125.0,135.0,198.5008
443,2021-11-11,230.0,220.0,198.5008
444,2021-11-12,221.25,221.25,198.5008
445,2021-11-15,195.0,225.0,198.5008
446,2021-11-16,235.0,230.0,198.5008
447,2021-11-17,260.0,215.0,198.5008
448,2021-11-19,275.0,250.0,198.5008
449,2021-11-22,335.0,365.0,198.5008
450,2021-11-23,310.0,270.0,198.5008
451,2021-11-24,260.0,230.0,198.5008
452,2021-11-25,295.0,260.0,198.5008
453,2021-11-26,290.0,255.0,198.5008
454,2021-11-29,260.0,235.0,198.5008
455,2021-11-30,270.0,225.0,198.5008
456,2021-12-01,65.0,52.5,198.5008
457,2021-12-02,105.0,100.0,198.5008
458,2021-12-03,85.0,55.0,198.5008
459,2021-12-06,100.0,92.5,198.5008
460,2021-12-07,145.0,130.0,198.5008
461,2021-12-08,185.0,175.0,198.5008
462,2021-12-09,170.0,180.0,198.5008
463,2021-12-10,155.0,185.0,198.5008
464,2021-12-13,305.0,260.0,198.5008
465,2021-12-14,305.0,285.0,198.5008
466,2021-12-15,290.0,275.0,198.5008
467,2021-12-16,310.0,260.0,198.5008
468,2021-12-17,290.0,320.0,198.5008
469,2021-12-20,270.0,240.0,198.5008
470,2021-12-21,210.0,130.0,198.5008
471,2021-12-22,210.0,215.0,198.5008
472,2021-12-23,210.0,240.0,198.5008
473,2021-12-24,245.0,200.0,198.5008
474,2021-12-27,245.0,220.0,198.5008
475,2021-12-28,235.0,165.0,198.5008
476,2021-12-29,255.0,215.0,198.5008
477,2021-12-30,255.0,220.0,198.5008
478,2021-12-31,245.0,210.0,198.5008
479,2022-01-03,130.0,125.0,198.5008
480,2022-01-04,85.0,90.0,198.5008
481,2022-01-05,147.5,137.5,198.5008
482,2022-01-06,210.0,185.0,198.5008
483,2022-01-07,155.0,160.0,198.5008
484,2022-01-10,190.0,175.0,198.5008
485,2022-01-11,205.0,205.0,198.5008
486,2022-01-12,365.0,325.0,198.5008
487,2022-01-13,175.0,190.0,198.5008
488,2022-01-18,205.0,200.0,198.5008
489,2022-01-19,190.0,175.0,198.5008
490,2022-01-20,190.0,180.0,198.5008
491,2022-01-21,155.0,165.0,198.5008
492,2022-01-24,190.0,180.0,198.5008
493,2022-01-25,175.0,160.0,198.5008
494,2022-01-26,155.0,160.0,198.5008
495,2022-01-27,170.0,175.0,198.5008
496,2022-01-28,170.0,160.0,198.5008
497,2022-01-31,165.0,165.0,198.5008
498,2022-02-01,157.5,157.5,198.5008
499,2022-02-02,150.0,150.0,198.5008
500,2022-02-03,85.0,100.0,198.5008
501,2022-02-07,165.0,150.0,198.5008
502,2022-02-08,155.0,110.0,198.5008
503,2022-02-09,190.0,155.0,198.5008
504,2022-02-10,200.0,175.0,198.5008
505,2022-02-11,210.0,195.0,198.5008
506,2022-02-14,110.0,95.0,198.5008
507,2022-02-15,125.0,125.0,198.5008
508,2022-02-17,115.0,98.33333333333333,198.5008
509,2022-02-18,110.0,85.0,198.5008
510,2022-02-21,95.0,80.0,198.5008
511,2022-02-22,113.75,96.25,198.5008
512,2022-02-23,132.5,112.5,198.5008
513,2022-02-24,151.25,128.75,198.5008
514,2022-02-25,170.0,145.0,198.5008
515,2022-02-28,226.25,193.75,198.5008
516,2022-03-02,145.0,147.5,198.5008
517,2022-03-03,125.0,110.0,198.5008
518,2022-03-04,145.0,136.66666666666666,198.5008
519,2022-03-07,160.0,177.5,198.5008
520,2022-03-08,135.0,165.0,225.2013
521,2022-03-09,197.5,202.5,225.2013
522,2022-03-10,260.0,240.0,249.9603
523,2022-03-11,205.0,195.0,249.9603
524,2022-03-14,85.0,95.0,249.9603
525,2022-03-15,85.0,100.0,259.762
526,2022-03-16,85.0,100.0,264.6677
527,2022-03-18,95.0,87.5,264.6677
528,2022-03-21,85.0,67.5,264.6677
529,2022-03-22,75.0,85.0,272.0686
530,2022-03-23,85.0,75.0,274.9957
531,2022-03-24,85.0,75.0,279.9056
532,2022-03-25,85.0,75.0,284.8205
533,2022-03-28,85.0,82.5,288.7475
534,2022-03-29,75.0,80.0,288.7475
535,2022-03-30,75.0,85.0,288.7475
536,2022-03-31,75.0,85.0,288.7475
537,2022-04-01,91.66666666666667,93.33333333333333,289.2425
538,2022-04-04,115.0,110.0,289.7255
539,2022-04-05,95.0,140.0,293.2305
540,2022-04-06,125.0,150.0,298.1064
541,2022-04-07,155.0,160.0,309.3802
542,2022-04-08,210.0,170.0,310.8802
543,2022-04-11,195.0,200.0,316.795
544,2022-04-12,182.85714285714286,182.14285714285714,319.205
545,2022-04-18,110.0,75.0,322.7201
546,2022-04-19,90.0,85.0,327.5
547,2022-04-20,75.0,80.0,327.5
548,2022-04-21,130.0,185.0,327.5
549,2022-04-22,95.0,100.0,327.5
550,2022-04-25,65.0,90.0,330.0
551,2022-04-26,65.0,70.0,333.8875
552,2022-04-27,85.0,90.0,337.8229
553,2022-04-28,90.0,122.5,342.1673
554,2022-04-29,95.0,155.0,347.0597
555,2022-05-04,140.0,105.0,350.0597
556,2022-05-05,125.0,130.0,356.8395
557,2022-05-06,142.5,140.0,361.727
558,2022-05-09,155.0,165.0,361.727
559,2022-05-11,282.5,270.0,361.727
560,2022-05-12,340.0,325.0,364.227
561,2022-05-13,190.0,290.0,355.016
562,2022-05-17,120.0,135.0,354.7678
563,2022-05-18,140.0,145.0,354.6684
564,2022-05-19,140.0,130.0,354.5691
565,2022-05-20,130.0,130.0,354.4897
566,2022-05-23,140.0,145.0,354.4599
567,2022-05-24,140.0,135.0,354.4003
568,2022-05-25,145.0,145.0,354.4003
569,2022-05-26,160.0,160.0,354.728
570,2022-05-27,190.0,175.0,354.2712
571,2022-05-30,190.0,140.0,355.7708
572,2022-05-31,190.0,165.0,355.7708
573,2022-06-01,215.0,185.0,355.1253
574,2022-06-02,176.66666666666666,156.66666666666666,355.6119
575,2022-06-03,138.33333333333331,128.33333333333334,355.314
576,2022-06-06,180.0,145.0,355.2941
577,2022-06-07,195.0,170.0,356.0968
578,2022-06-08,170.0,160.0,355.6855
579,2022-06-09,145.0,150.0,355.8183
580,2022-06-10,210.0,215.0,355.6074
581,2022-06-13,185.0,190.0,355.7263
582,2022-06-15,180.0,190.0,355.7074
583,2022-06-16,170.0,200.0,355.6785
584,2022-06-17,175.0,155.0,355.5141
585,2022-06-20,150.0,190.0,356.2897
586,2022-06-21,130.0,165.0,357.2826
587,2022-06-22,110.0,185.0,356.4424
588,2022-06-23,130.0,180.0,356.6729
589,2022-06-24,155.0,175.0,356.1255
590,2022-06-27,175.0,110.0,356.2373
591,2022-06-28,155.0,135.0,356.0634
592,2022-06-29,175.0,115.0,355.8173
593,2022-06-30,175.0,150.0,355.7601
594,2022-07-01,205.0,200.0,356.4236
595,2022-07-04,85.0,80.0,356.5951
596,2022-07-05,127.5,135.0,355.9533
597,2022-07-06,170.0,190.0,356.0489
598,2022-07-07,170.0,135.0,356.8065
599,2022-07-08,160.0,180.0,356.8217
600,2022-07-11,213.75,192.5,357.7933
601,2022-07-12,202.5,185.0,356.9558
602,2022-07-14,180.0,170.0,358.1456
603,2022-07-15,190.0,155.0,357.9486
604,2022-07-18,165.0,180.0,357.6061
605,2022-07-19,160.0,170.0,357.8593
606,2022-07-20,115.0,145.0,358.5352
607,2022-07-21,205.0,160.0,358.3145
608,2022-07-22,175.0,165.0,357.9442
609,2022-07-25,125.0,110.0,357.4611
610,2022-07-26,125.0,125.0,357.5189
611,2022-07-27,135.0,130.0,357.4406
612,2022-07-28,135.0,120.0,357.4406
613,2022-07-29,90.0,140.0,357.1697
614,2022-08-01,135.0,158.75,357.2753
615,2022-08-02,150.0,165.0,357.3077
616,2022-08-03,85.0,77.5,357.2223
617,2022-08-04,85.0,80.0,357.2279
618,2022-08-05,127.5,155.0,357.1997
619,2022-08-08,110.0,120.0,357.1491
620,2022-08-09,170.0,150.0,357.2995
621,2022-08-10,200.0,180.0,357.3007
622,2022-08-12,220.0,206.25,357.2491
623,2022-08-15,190.0,195.0,357.2923
624,2022-08-16,195.0,175.0,357.3756
625,2022-08-17,175.0,145.0,357.3151
626,2022-08-18,190.0,160.0,357.3367
627,2022-08-19,160.0,155.0,357.41
628,2022-08-22,145.0,165.0,357.3779
629,2022-08-23,190.0,190.0,357.4017
630,2022-08-24,155.0,155.0,357.4017
631,2022-08-25,160.0,170.0,357.4017
632,2022-08-26,160.0,140.0,357.8045
633,2022-08-29,160.0,145.0,357.8093
634,2022-08-30,160.0,135.0,357.9322
635,2022-08-31,143.33333333333334,136.66666666666666,357.5571
636,2022-09-01,126.66666666666666,138.33333333333334,357.5138
637,2022-09-02,110.0,140.0,357.8334
638,2022-09-05,105.0,95.0,358.0556
639,2022-09-06,185.0,185.0,358.0556
640,2022-09-07,157.5,155.0,358.33
641,2022-09-08,130.0,125.0,358.4178
642,2022-09-09,160.0,145.0,358.5388
643,2022-09-12,290.0,325.0,358.7807
644,2022-09-13,255.0,235.0,358.788
645,2022-09-14,250.0,260.0,358.9306
646,2022-09-15,210.0,240.0,358.9306
647,2022-09-16,170.0,165.0,358.9434
648,2022-09-19,210.0,200.0,359.175
649,2022-09-20,220.0,230.0,359.1381
650,2022-09-21,210.0,205.0,359.1797
651,2022-09-22,230.0,210.0,359.1876
652,2022-09-23,225.0,225.0,359.1876
653,2022-09-26,210.0,200.0,359.1876
654,2022-09-27,210.0,200.0,359.1876
655,2022-09-28,205.0,195.0,359.1876
656,2022-09-29,205.0,210.0,359.1618
657,2022-09-30,200.0,200.0,359.1618
658,2022-10-03,85.0,85.0,359.1618
659,2022-10-04,115.0,108.33333333333333,359.1618
660,2022-10-05,145.0,131.66666666666666,359.1618
661,2022-10-06,175.0,155.0,359.1618
662,2022-10-07,157.5,142.5,359.1671
663,2022-10-11,210.0,215.0,359.2355
664,2022-10-12,192.5,202.5,359.6618
665,2022-10-13,175.0,190.0,359.6987
666,2022-10-14,175.0,135.0,359.8172
667,2022-10-17,190.0,210.0,360.3548
668,2022-10-18,190.0,200.0,360.4084
669,2022-10-19,190.0,185.0,360.4507
670,2022-10-20,190.0,200.0,360.5935
671,2022-10-21,210.0,205.0,360.7312
672,2022-10-25,205.0,205.0,360.7106
673,2022-10-26,265.0,215.0,360.6537
674,2022-10-27,255.0,215.0,360.6537
675,2022-10-28,225.0,195.0,360.6345
676,2022-10-31,210.0,255.0,360.6537
677,2022-11-01,190.0,200.0,360.6578
678,2022-11-02,125.0,120.0,360.7104
679,2022-11-03,75.0,85.0,360.7631
680,2022-11-04,105.0,111.25,360.8893
681,2022-11-08,203.33333333333334,191.66666666666666,360.8893
682,2022-11-09,211.66666666666666,193.33333333333334,360.9682
683,2022-11-10,220.0,195.0,360.9682
684,2022-11-11,210.0,215.0,360.9682
685,2022-11-14,230.0,240.0,360.9682
686,2022-11-15,260.0,215.0,360.9682
687,2022-11-16,245.0,220.0,360.984
688,2022-11-17,235.0,215.0,360.9919
689,2022-11-18,290.0,250.0,360.9919
690,2022-11-21,325.0,325.0,360.9919
691,2022-11-22,310.0,325.0,360.9919
692,2022-11-23,290.0,340.0,360.9919
693,2022-11-24,310.0,350.0,360.9919
694,2022-11-25,345.0,340.0,360.2922
695,2022-11-28,375.0,380.0,360.2922
696,2022-11-29,365.0,305.0,361.2379
697,2022-11-30,365.0,325.0,361.2484
698,2022-12-01,180.0,185.0,361.2537
699,2022-12-02,148.33333333333334,151.66666666666666,361.2537
700,2022-12-05,85.0,235.0,361.3026
701,2022-12-06,162.5,222.5,361.3026
702,2022-12-08,145.0,155.0,361.3026
703,2022-12-09,225.0,210.0,361.3026
704,2022-12-12,310.0,305.0,361.1973
705,2022-12-13,310.0,325.0,361.1973
706,2022-12-14,310.0,325.0,361.1973
707,2022-12-15,340.0,325.0,361.1973
708,2022-12-16,335.0,315.0,361.1973
709,2022-12-19,330.0,325.0,361.1973
710,2022-12-20,315.0,310.0,361.0847
711,2022-12-21,330.0,315.0,361.0847
712,2022-12-22,240.0,265.0,361.0871
713,2022-12-23,265.0,285.0,360.8986
714,2022-12-27,330.0,300.0,360.3893
715,2022-12-28,310.0,300.0,360.4206
716,2022-12-29,290.0,300.0,360.4206
717,2022-12-30,310.0,280.0,360.4081
718,2023-01-02,155.0,165.0,360.4081
719,2023-01-03,175.0,160.0,360.2221
720,2023-01-04,198.33333333333334,193.33333333333334,359.9741
721,2023-01-05,221.66666666666666,226.66666666666669,359.9741
722,2023-01-09,85.0,95.0,359.9474
723,2023-01-10,97.5,102.5,360.0599
724,2023-01-11,110.0,110.0,360.4722
725,2023-01-12,210.0,200.0,360.3935
726,2023-01-13,225.0,200.0,360.3991
727,2023-01-17,255.0,220.0,360.4102
728,2023-01-18,235.0,315.0,360.4102
729,2023-01-19,235.0,210.0,360.5572
730,2023-01-20,215.0,215.0,360.5513
731,2023-01-23,240.0,200.0,360.5496
732,2023-01-24,235.0,185.0,360.4912
733,2023-01-25,225.0,195.0,360.4912
734,2023-01-26,230.0,225.0,360.4879
735,2023-01-27,210.0,200.0,360.4879
736,2023-01-30,180.0,145.0,360.4501
737,2023-01-31,235.0,230.0,360.4879
738,2023-02-01,290.0,315.0,360.4935
739,2023-02-02,180.0,165.0,360.4101
740,2023-02-03,185.0,150.0,360.2903
741,2023-02-06,275.0,260.0,359.9968
742,2023-02-07,195.0,197.5,360.0937
743,2023-02-08,115.0,135.0,359.4792
744,2023-02-09,95.0,108.75,359.4009
745,2023-02-10,75.0,82.5,359.0735
746,2023-02-13,190.0,160.0,359.4698
747,2023-02-14,170.0,200.0,359.6455
748,2023-02-15,185.0,180.0,359.6092
749,2023-02-16,195.0,180.0,359.5764
750,2023-02-17,190.0,190.0,359.4766
751,2023-02-20,170.0,190.0,359.4464
752,2023-02-21,170.0,195.0,359.9702
753,2023-02-22,165.0,185.0,359.3576
754,2023-02-23,160.0,180.0,359.0062
755,2023-02-24,160.0,180.0,358.7244
756,2023-02-27,155.0,170.0,358.3621
757,2023-02-28,165.0,170.0,357.6822
758,2023-03-01,290.0,275.0,351.7219
759,2023-03-02,165.0,150.0,343.9719
760,2023-03-03,160.0,165.0,334.5016
761,2023-03-07,140.0,150.0,318.3051
762,2023-03-08,115.0,130.0,313.7749
763,2023-03-09,105.0,100.0,307.3635
764,2023-03-10,95.0,70.0,311.6269
765,2023-03-13,155.0,150.0,311.8237
766,2023-03-14,145.0,160.0,319.8479
767,2023-03-15,160.0,165.0,327.5998
768,2023-03-16,165.0,160.0,329.0282
769,2023-03-17,155.0,170.0,332.2035
770,2023-03-20,155.0,165.0,331.7174
771,2023-03-21,145.0,155.0,316.8483
772,2023-03-22,145.0,165.0,312.6153
773,2023-03-23,155.0,150.0,311.2617
774,2023-03-24,135.0,155.0,314.7491
775,2023-03-27,205.0,195.0,314.825
776,2023-03-28,235.0,210.0,315.8454
777,2023-03-29,210.0,210.0,315.7075
778,2023-03-30,225.0,200.0,317.7257
779,2023-03-31,200.0,185.0,318.277
780,2023-04-03,205.0,198.33333333333331,316.7511
781,2023-04-04,175.0,160.0,313.3744
782,2023-04-06,182.5,180.0,313.2952
783,2023-04-10,70.0,70.0,311.6379
784,2023-04-11,140.0,147.5,311.4414
785,2023-04-12,210.0,225.0,311.5607
786,2023-04-17,215.0,240.0,312.0717
787,2023-04-18,225.0,170.0,312.4139
788,2023-04-19,225.0,210.0,312.9164
789,2023-04-20,210.0,175.0,313.1292
790,2023-04-21,160.0,160.0,313.0593
791,2023-04-24,205.0,190.0,313.3347
792,2023-04-25,185.0,165.0,313.2667
793,2023-04-26,175.0,185.0,313.4509
794,2023-04-27,200.0,185.0,313.8324
795,2023-04-28,195.0,170.0,313.9239
796,2023-05-02,274.0,268.0,313.7362
797,2023-05-03,278.0,261.0,313.0513
798,2023-05-04,282.0,254.0,312.5034
799,2023-05-08,125.0,132.5,312.1955
800,2023-05-09,65.0,75.0,311.0091
801,2023-05-10,65.0,80.0,310.9048
802,2023-05-11,137.5,157.5,308.6645
803,2023-05-12,210.0,235.0,306.3886
804,2023-05-15,285.0,280.0,306.1892
805,2023-05-16,260.0,260.0,305.4335
806,2023-05-17,310.0,285.0,302.4257
807,2023-05-18,290.0,300.0,299.2144
808,2023-05-19,295.0,275.0,300.6519
809,2023-05-22,270.0,285.0,299.7149
810,2023-05-23,265.0,280.0,299.1941
811,2023-05-24,260.0,260.0,297.9878
812,2023-05-25,290.0,270.0,297.6055
813,2023-05-26,295.0,255.0,295.6297
814,2023-05-29,275.0,205.0,289.8986
815,2023-05-30,255.0,265.0,290.6745
816,2023-05-31,228.33333333333334,246.66666666666666,287.8711
817,2023-06-01,201.66666666666666,228.33333333333334,283.8763
818,2023-06-02,175.0,210.0,287.4258
819,2023-06-05,232.5,235.0,285.6164
820,2023-06-06,290.0,280.0,284.8487
821,2023-06-07,190.0,200.0,285.5677
822,2023-06-08,127.5,135.0,285.69
823,2023-06-09,65.0,70.0,288.0867
824,2023-06-12,235.0,210.0,290.0692
825,2023-06-13,240.0,220.0,294.9114
826,2023-06-14,230.0,205.0,303.1925
827,2023-06-15,215.0,255.0,311.6057
828,2023-06-16,210.0,260.0,300.5194
829,2023-06-19,195.0,220.0,297.5388
830,2023-06-20,190.0,175.0,297.2877
831,2023-06-21,210.0,210.0,298.4708
832,2023-06-22,190.0,200.0,298.5485
833,2023-06-23,190.0,210.0,299.0378
834,2023-06-26,205.0,180.0,299.8333
835,2023-06-27,195.0,190.0,301.3255
836,2023-06-28,170.0,165.0,301.159
837,2023-07-04,191.66666666666666,185.0,299.8709
838,2023-07-05,228.33333333333331,205.0,298.898
839,2023-07-06,265.0,225.0,300.0054
840,2023-07-07,170.0,170.0,302.6459
841,2023-07-10,87.5,87.5,304.0216
842,2023-07-11,100.0,95.0,305.1317
843,2023-07-12,245.0,210.0,306.1518
844,2023-07-13,155.0,130.0,308.1626
845,2023-07-14,145.0,165.0,310.4938
846,2023-07-17,145.0,160.0,313.2921
847,2023-07-18,145.0,135.0,314.9592
848,2023-07-19,145.0,140.0,315.2616
849,2023-07-20,145.0,125.0,316.3078
850,2023-07-21,135.0,120.0,318.7256
851,2023-07-24,115.0,135.0,321.1045
852,2023-07-25,115.0,130.0,323.0392
853,2023-07-26,115.0,135.0,323.6966
854,2023-07-27,120.0,125.0,322.8497
855,2023-07-28,120.0,110.0,322.6693
856,2023-07-31,162.0,164.0,322.9613
857,2023-08-02,190.0,200.0,309.7055
858,2023-08-03,175.0,160.0,308.6091
859,2023-08-04,190.0,187.5,312.5592
860,2023-08-07,200.0,162.5,315.0574
861,2023-08-08,150.0,115.0,315.1109
862,2023-08-09,65.0,75.0,314.947
863,2023-08-10,87.5,82.5,313.6129
864,2023-08-11,110.0,90.0,313.7834
865,2023-08-14,125.0,110.0,313.9936
866,2023-08-15,125.0,110.0,314.7214
867,2023-08-16,105.0,105.0,314.4528
868,2023-08-17,105.0,95.0,314.7805
869,2023-08-18,95.0,90.0,316.2866
870,2023-08-21,95.0,90.0,316.7286
871,2023-08-22,95.0,95.0,316.9953
872,2023-08-23,85.0,105.0,317.4681
873,2023-08-24,95.0,95.0,317.4823
874,2023-08-25,95.0,95.0,317.8017
875,2023-08-28,85.0,97.5,317.9628
876,2023-08-29,85.0,92.5,317.8342
877,2023-08-31,85.0,90.0,315.3357
878,2023-09-01,205.0,215.0,314.1999
879,2023-09-04,190.0,175.0,313.9388
880,2023-09-05,205.0,200.0,314.8702
881,2023-09-06,255.0,255.0,315.934
882,2023-09-07,190.0,192.5,316.2754
883,2023-09-08,125.0,130.0,316.3124
884,2023-09-11,115.0,110.0,316.2925
885,2023-09-12,90.0,90.0,316.5407
886,2023-09-13,65.0,70.0,316.7737
887,2023-09-14,65.0,70.0,318.0857
888,2023-09-15,55.0,90.0,317.5436
889,2023-09-18,65.0,65.0,317.6039
890,2023-09-19,65.0,75.0,318.263
891,2023-09-20,55.0,65.0,318.6982
892,2023-09-21,55.0,52.5,318.9021
893,2023-09-22,55.0,50.0,318.5188
894,2023-09-25,45.0,57.5,318.7387
895,2023-09-26,55.0,50.0,318.7387
896,2023-09-27,86.0,83.0,318.2642
897,2023-10-02,175.0,185.0,318.2787
898,2023-10-03,155.0,170.0,318.3187
899,2023-10-04,170.0,155.0,318.1004
900,2023-10-05,190.0,190.0,318.2266
901,2023-10-06,165.0,162.5,318.2819
902,2023-10-09,90.0,97.5,318.305
903,2023-10-10,55.0,65.0,317.9102
904,2023-10-11,110.0,110.0,318.0267
905,2023-10-12,92.5,82.5,318.0688
906,2023-10-13,75.0,55.0,318.0872
907,2023-10-16,55.0,80.0,318.1713
908,2023-10-17,65.0,70.0,318.279
909,2023-10-18,65.0,75.0,318.9233
910,2023-10-19,75.0,80.0,319.2969
911,2023-10-20,75.0,65.0,319.6489
912,2023-10-23,75.0,65.0,320.3297
913,2023-10-24,75.0,70.0,320.8134
914,2023-10-25,65.0,70.0,321.7067
915,2023-10-26,75.0,72.5,321.3904
916,2023-10-27,90.0,77.5,321.5495
917,2023-10-30,110.0,130.0,321.706
918,2023-10-31,110.0,115.0,322.1725
919,2023-11-01,225.0,210.0,322.3488
920,2023-11-02,206.66666666666666,193.33333333333334,322.4404
921,2023-11-03,188.33333333333334,176.66666666666666,323.6552
922,2023-11-06,162.5,167.5,323.9491
923,2023-11-07,135.0,135.0,321.5916
924,2023-11-08,125.0,120.0,322.5072
925,2023-11-09,75.0,70.0,323.1579
926,2023-11-10,55.0,57.5,322.4014
927,2023-11-13,170.0,200.0,322.1205
928,2023-11-14,170.0,210.0,321.714
929,2023-11-15,125.0,145.0,322.583
930,2023-11-16,130.0,130.0,323.3533
931,2023-11-17,135.0,130.0,322.8376
932,2023-11-20,145.0,150.0,322.7982
933,2023-11-21,130.0,140.0,323.0561
934,2023-11-22,130.0,150.0,323.4758
935,2023-11-23,135.0,160.0,323.5119
936,2023-11-24,190.0,155.0,323.5585
937,2023-11-27,240.0,215.0,323.6397
938,2023-11-28,225.0,260.0,324.1133
939,2023-11-29,253.33333333333334,273.3333333333333,324.1526
940,2023-11-30,281.6666666666667,286.6666666666667,323.4672
941,2023-12-01,310.0,300.0,322.9017
942,2023-12-04,220.0,243.75,322.8933
943,2023-12-05,190.0,225.0,323.0041
944,2023-12-06,245.0,220.0,322.6889
945,2023-12-07,130.0,140.0,321.8784
946,2023-12-08,97.5,105.0,321.8364
947,2023-12-11,155.0,147.5,322.185
948,2023-12-12,235.0,220.0,322.2493
949,2023-12-13,245.0,210.0,321.7707
950,2023-12-14,245.0,235.0,322.2364
951,2023-12-15,250.0,240.0,321.694
952,2023-12-18,230.0,165.0,321.9469
953,2023-12-19,210.0,230.0,321.9259
954,2023-12-20,240.0,230.0,321.894
955,2023-12-21,270.0,265.0,321.9202
956,2023-12-22,260.0,240.0,321.4635
957,2023-12-27,285.0,310.0,320.5347
958,2023-12-28,295.0,290.0,319.1454
959,2023-12-29,395.0,515.0,319.1762
